100043
100058
100141
100270
100348
100477
100609
100616
100941
100949
101206
101386
101415
101642
101672
102147
102339
102353
102497
102543
103020
103256
103401
103468
103490
103534
103562
103571
103742
104204
104290
104317
104570
104583
104701
104752
104811
104890
104918
104935
105003
105047
105088
105244
105437
105600
105640
105682
105739
105744
105826
105831
106039
106132
106158
106358
106359
106378
106422
106488
106524
106601
106686
106762
106818
106856
107001
107019
107091
107352
107501
107568
107576
107697
107918
107946
107949
107998
108124
108170
108184
108281
108305
108435
108565
108639
108652
108796
108822
108848
108865
109135
109190
109340
109390
109426
109437
109449
109912
109932
110034
110372
110392
110416
110422
110432
110569
110575
110698
110817
110843
110945
110953
111175
111202
111413
111552
111614
111645
111673
111703
111846
111891
111957
112221
112239
112373
112475
112754
112924
113064
113135
113226
113291
113668
113895
113908
113932
113944
114153
114409
114499
114572
114649
114877
115039
115262
115280
115295
115417
115436
115462
115769
115845
115920
115982
115987
116272
116719
116740
116800
116887
116921
117220
117275
117333
117373
117383
117385
117464
117503
117542
117633
117914
117934
118064
118218
118239
118280
118284
118299
118326
118332
118397
118470
118678
118708
118719
118747
118782
118856
118864
118983
119085
119153
119321
119364
119524
119604
119694
119755
119796
119843
119878
119926
119987
120089
120103
120104
120189
120339
120619
120787
120854
120871
120961
121140
121221
121357
121550
121574
121627
122101
122455
122513
122651
122685
122840
122841
122850
122869
123031
123223
123295
123391
123409
123567
123624
123687
123855
123920
123946
124097
124117
124237
124401
124431
124487
124521
124596
124822
124874
124891
124923
125264
125318
125368
125458
125555
125596
125622
125656
125803
125991
125997
126102
126135
126137
126229
126236
126260
126318
126504
126528
126538
126606
126622
126768
126921
126979
127071
127327
127501
127597
127701
127766
127847
128009
128155
128200
128356
128366
128453
128571
128646
128687
128732
128859
129067
129186
129213
129279
129438
129512
129581
129644
129682
129721
129807
130192
130224
130391
130401
130457
130513
130635
130688
130761
130841
130935
130966
130989
131008
131073
131092
131112
131170
131213
131239
131288
131319
131348
131426
131545
131584
131763
131809
131877
131878
131960
132182
132261
132264
132294
132353
132366
132398
132509
132529
132562
132869
133010
133134
133289
133292
133496
133642
133667
133668
133696
133805
133858
133887
133968
134023
134139
134158
134283
134337
134359
134545
134582
134804
135240
135296
135347
135642
135660
135669
135872
135942
135976
136034
136046
136180
136247
136324
136347
136569
136675
136727
136777
136862
136923
136935
136943
136947
136964
136977
137023
137043
137094
137101
137141
137384
137409
137597
137734
137815
137847
137919
138030
138040
138138
138149
138228
138258
138308
138362
138379
138399
138608
138647
138686
138715
138729
139090
139232
139262
139463
139562
139652
139666
139677
139692
139993
140096
140238
140249
140339
140462
140492
140513
140721
140792
140932
141015
141164
141181
141297
141332
141369
141834
141876
141972
141987
142000
142050
142125
142190
142228
142260
142283
142309
142399
142431
142443
142542
142626
142662
142692
142719
142828
142865
142886
142907
143006
143047
143057
143059
143062
143065
143148
143308
143472
143477
143494
143525
143581
143584
143667
143858
143895
144025
144027
144130
144278
144350
144401
144467
144673
144707
144751
144791
144873
145192
145210
145319
145320
145432
145438
145483
145583
145615
145665
145763
145988
146103
146104
146233
146290
146312
146323
146372
146465
146493
146507
146599
146663
146709
146776
146800
146834
146923
146978
147073
147095
147196
147213
147221
147223
147631
147677
147696
147739
147813
147909
148204
148226
148332
148570
148603
148863
148949
149035
149087
149196
149232
149266
149575
149724
149790
149830
149842
149884
150087
150110
150287
150409
150580
150704
151055
151091
151176
151256
151301
151330
151434
151502
151920
151957
151977
152126
152171
152203
152574
152611
152716
152789
152887
152932
152961
153044
153055
153144
153162
153197
153208
153351
153492
153500
153539
153550
153576
153609
153660
154134
154146
154244
154337
154379
154491
154563
154648
154797
154799
154802
154953
154965
155052
155070
155090
155165
155342
155372
155415
155425
155580
155621
155630
155643
155775
155935
155969
156019
156247
156276
156312
156439
156557
156635
156705
156718
156778
156831
156848
156860
156938
156952
156979
157132
157164
157226
157234
157313
157362
157375
157550
157553
157706
158214
158475
158560
158583
158776
158847
158857
158936
158983
159114
159242
159270
159598
159657
159687
159706
159720
159741
159880
160155
160225
160257
160354
160383
160569
160911
161007
161013
161152
161250
161257
161298
161415
161597
161840
161889
161926
161980
162023
162026
162091
162161
162229
162278
162332
162338
162342
162438
162443
162500
162531
162642
162765
162795
162856
163178
163183
163280
163305
163439
163442
163443
163462
163552
163588
163598
163702
163707
164128
164250
164321
164551
164741
164815
165006
165017
165061
165230
165270
165338
165434
165482
165591
165782
165924
165935
165990
166163
166191
166218
166241
166281
166304
166313
166339
166648
166676
166781
167024
167109
167213
167276
167305
167456
167537
167645
167934
168013
168082
168111
168122
168260
168288
168374
168413
168439
168527
168550
168698
168794
168848
168948
168956
169004
169153
169163
169495
169514
169614
169881
169935
169955
170037
170104
170292
170407
170430
170595
170764
170980
171026
171190
171247
171309
171339
171362
171485
171565
171585
171595
171641
171810
171964
172085
172274
172506
172544
172598
172626
172810
172868
172873
173047
173133
173181
173282
173519
173646
173733
173734
173814
173863
173916
173923
173971
174015
174172
174288
174300
174376
174416
174417
174477
174543
174568
174623
174731
174755
174841
174918
174961
174966
175023
175034
175038
175061
175065
175078
175101
175136
175175
175235
175265
175286
175546
175550
175602
175606
175617
175668
175767
175785
175860
175908
176196
176217
176277
176348
176513
176552
176766
176938
176945
177014
177156
177296
177501
177560
177619
177775
177776
177782
177953
178009
178184
178191
178203
178290
178434
178462
178541
178573
178767
179043
179117
179235
179380
179649
179838
179940
179945
179950
180239
180365
180583
180676
180698
180727
180939
181306
181311
181581
181608
181637
181765
181786
181808
182006
182061
182426
182444
182472
182678
182735
182763
182769
182969
183092
183388
183637
183765
183904
183995
184150
184152
184201
184203
184350
184400
184552
184569
184592
184700
184730
184799
185013
185090
185160
185168
185244
185293
185493
185565
185572
185685
185738
186225
186675
186928
186935
187042
187095
187148
187232
187322
187372
187429
187526
187585
187771
187786
187800
187870
188043
188050
188161
188266
188320
188381
188441
188539
188562
188669
188682
188782
188836
188839
188873
188882
188996
189004
189136
189165
189179
189268
189308
189347
189432
189488
189648
189740
189762
189818
189963
189973
189990
190048
190178
190295
190410
190670
190677
190940
191002
191143
191182
191210
191269
191302
191346
191468
191562
191569
191684
191947
192006
192113
192232
192242
192337
192347
192527
192612
192881
193208
193428
193587
193666
193758
193822
193896
193928
193992
194028
194052
194082
194087
194162
194287
194292
194388
194628
194686
194792
194796
194803
194881
195233
195268
195420
195426
195546
195569
195625
195759
196196
196328
196880
196940
196987
197026
197032
197066
197538
197543
197576
197615
197638
197668
197769
197895
197902
197913
197935
198177
198496
198649
198855
198858
198870
198872
198905
199237
199348
199421
199433
199685
199731
199831
199848
199889
199936
199948
200294
200308
200420
200436
200452
200541
200642
200720
200752
200907
201102
201160
201222
201305
201350
201575
201605
201693
201805
202027
202055
202516
202529
202624
202660
202693
202738
202849
202864
202867
202902
202916
202973
203019
203200
203214
203324
203488
203508
203637
203694
203832
203931
203950
204011
204194
204229
204289
204442
204545
204547
204603
204758
205130
205197
205242
205269
205385
205437
205476
205511
205540
205549
205675
205763
205832
205869
205901
205977
206016
206072
206105
206169
206202
206230
206356
206438
206452
206816
206828
206892
207010
207071
207117
207134
207151
207187
207396
207603
207846
207911
208089
208219
208353
208683
208735
208804
208871
208902
208929
209022
209127
209187
209263
209282
209292
209340
209403
209813
209870
209976
210138
210334
210504
210627
210672
210679
210694
210740
210752
210814
210974
211060
211097
211115
211202
211409
211850
212496
212506
212521
212585
212586
212650
212688
212732
212821
212930
212934
212983
213113
213224
213278
213296
213332
213336
213582
213640
213656
213801
213882
213953
214107
214147
214201
214760
214889
214923
215128
215278
215306
215436
215482
215517
215750
215780
215826
215948
216011
216018
216086
216376
216419
216430
216522
216594
216619
216642
216824
216827
216854
217036
217037
217071
217079
217094
217171
217209
217218
217222
217306
217404
217648
218131
218219
218324
218497
218553
218565
218570
218601
218605
218632
218654
218738
218741
218757
218769
218827
218858
218864
218935
218945
218949
218983
219110
219214
219238
219315
219386
219503
219521
219565
219666
219671
219736
219795
219980
219998
220129
220210
220235
220251
220253
220270
220554
220570
220591
220594
220599
220608
220610
220627
220792
220874
221109
221150
221257
221291
221414
221552
221830
221831
221872
221944
222010
222169
222399
222463
222469
222575
222584
222607
222725
222808
223433
223543
223621
224109
224116
224164
224188
224210
224249
224296
224378
224475
224906
224952
225006
225020
225092
225121
225128
225181
225471
225868
225885
225927
226069
226140
226212
226235
226241
226283
226327
226362
226518
226552
226630
226801
226911
226965
226970
227024
227143
227179
227486
227551
227612
227732
228104
228432
228546
228655
228672
228773
228857
228904
229004
229077
229107
229233
229343
229383
229548
229649
229742
229768
229794
229840
229870
229877
230002
230020
230213
230271
230334
230382
230430
230456
230474
230484
230498
230595
230615
230919
230991
231045
231054
231063
231106
231185
231236
231279
231315
231343
231373
231421
231511
231632
231692
231809
231849
231860
231893
232072
232074
232217
232258
232332
232555
232667
232839
232959
233039
233061
233150
233209
233226
233333
233351
233440
233620
233621
233731
233880
233996
234041
234055
234079
234083
234196
234312
234484
234531
234587
234588
234687
234710
234739
234814
234880
234903
234941
234996
235054
235084
235153
235182
235183
235290
235564
235703
235748
235881
235943
236154
236254
236307
236327
236381
236393
236406
236451
236493
236613
236642
236726
236844
236892
236985
237084
237104
237289
237493
237495
237700
237739
237795
237894
238045
238059
238093
238160
238332
238411
238416
238431
238489
238907
238957
239023
239055
239158
239666
239730
239834
239846
239932
240081
240091
240295
240389
240432
240560
240673
240710
240714
240745
240769
241014
241024
241203
241269
241418
241492
241586
241588
241605
241665
241997
242032
242040
242193
242234
242316
242426
242486
242859
242880
242899
243040
243159
243213
243244
243347
243585
243685
243732
244094
244179
244261
244271
244578
244662
244739
244830
244873
245110
245319
245480
245494
245560
245700
245702
245711
245722
245783
245802
245902
245924
245997
246026
246097
246202
246233
246350
246358
246451
246559
246580
246627
247023
247118
247135
247238
247338
247619
247731
247774
247776
247793
247824
248214
248294
248307
248688
248719
248740
248754
248981
249015
249064
249279
249375
249433
249476
249510
249602
249678
250048
250084
250144
250212
250219
250320
250387
250390
250479
250575
250605
250742
250988
251003
251025
251167
251291
251344
251521
251558
251575
251593
251650
251745
251776
251850
251916
251942
251988
252009
252022
252092
252180
252184
252215
252305
252321
252425
252497
252686
252695
252697
252709
252739
252758
252991
253158
253320
253353
253521
253533
253534
253605
253665
254028
254059
254351
254355
254374
254645
254660
254675
254704
254733
254761
254786
254817
254955
254956
255073
255101
255353
255433
255813
255824
255908
256068
256139
256144
256350
256422
256537
256631
256648
256883
257118
257288
257322
257345
257403
257539
257548
257839
258015
258093
258143
258234
258327
258361
258362
258387
258483
258578
258584
258686
258695
258739
258744
258820
258838
258880
258930
259003
259057
259104
259127
259163
259223
259231
259244
259326
259353
259374
259385
259466
259615
259759
259896
259999
260013
260019
260154
260235
260274
260453
260638
260753
260822
260861
260868
260910
260952
261254
261295
261388
261408
261493
261570
261672
261771
261947
262116
262202
262311
262467
262503
262513
262600
262623
262990
263000
263136
263221
263344
263455
263502
263617
263759
263874
263929
263957
264102
264393
264482
264551
264604
264656
264766
264785
264878
264970
265136
265202
265266
265317
265330
265356
265373
265439
265690
265728
265778
265900
265959
266106
266423
266584
266689
266828
266968
267025
267046
267210
267297
267430
267431
267498
267723
267757
267797
267834
267893
268081
268140
268442
268561
268615
269024
269049
269223
269245
269290
269435
269519
269632
269668
269784
269899
269941
270053
270227
270344
270374
270425
270767
271180
271187
271206
271255
271345
271378
271585
271701
271905
271975
272202
272432
272466
272584
272973
273043
273065
273093
273122
273212
273339
273363
273369
273468
273481
273616
273658
273886
274096
274108
274166
274248
274263
274517
274690
274727
274941
274984
274997
275021
275082
275111
275418
275430
275468
275522
275925
275969
276039
276104
276498
276629
276753
276758
276893
277198
277241
277299
277511
277692
277770
277783
277821
277837
277919
278081
278093
278202
278301
278495
278806
278808
278836
278963
279052
279521
279576
279625
279877
279887
280009
280073
280075
280089
280474
280662
280782
280823
280888
280912
281017
281094
281240
281318
281368
281378
281393
281590
281771
281964
281986
282206
282313
282334
282407
282659
282764
282897
282903
283112
283150
283225
283404
283573
283715
283737
283760
283815
283909
284045
284148
284186
284383
284497
284513
284529
284640
284666
284691
284766
284833
284839
285070
285088
285148
285173
285298
285397
285439
285939
285961
285997
286007
286260
286327
286341
286381
286427
286452
286514
286611
286793
286862
287103
287109
287299
287316
287544
287548
287652
287661
287667
287681
287775
287958
287969
288012
288178
288204
288217
288351
288562
288597
288602
288622
288738
289109
289189
289344
289385
289409
289448
289475
289503
289759
289912
289961
290054
290119
290190
290194
290212
290458
290656
290693
291181
291237
291543
291586
291722
291752
291890
291960
291999
292009
292162
292167
292516
292589
292593
292668
292763
292793
292902
292950
292951
293049
293097
293122
293428
293568
293911
293939
293981
293996
294009
294123
294328
294437
294461
294513
294670
294686
294955
294979
295094
295138
295179
295205
295409
295472
295561
295614
295669
295713
295764
295869
295922
296023
296070
296120
296450
296466
296630
296667
296933
296964
296978
296995
297187
297270
297329
297358
297522
297544
297551
297565
297654
297958
298080
298140
298427
298444
298488
298631
298755
298768
298847
298851
298883
298902
298910
299145
299212
299320
299330
299337
299400
299455
299501
299581
299605
299616
299710
299722
299726
299904
299963
300063
300141
300200
300294
300477
300494
300701
300827
300948
300978
301195
301235
301452
301779
301942
301962
302095
302115
302168
302545
302752
302855
303112
303189
303192
303482
303569
303778
303959
303981
304007
304214
304247
304254
304311
304347
304443
304658
304668
304729
304841
304899
304935
305086
305112
305182
305249
305310
305359
305366
305394
305427
305465
305505
305564
305655
305710
305712
305877
306187
306537
306591
306672
306940
307028
307046
307073
307124
307581
307602
307675
307779
307900
307914
308029
308142
308153
308170
308414
308416
308514
308623
308625
308880
308929
309047
309080
309159
309162
309323
309328
309554
309610
309760
309778
309863
310051
310134
310170
310199
310233
310276
310421
310440
310599
310917
310931
311120
311125
311154
311393
311408
311523
311524
311611
311816
311918
312199
312439
312602
312624
312713
312796
312864
313026
313078
313169
313206
313207
313327
313470
313592
313757
313758
314273
314291
314310
314531
314612
314727
314874
315010
315045
315051
315154
315245
315321
315435
315442
315560
315655
315692
315698
315760
315858
315877
315911
316422
316461
316639
316688
316719
316943
317110
317208
317263
317405
317709
317804
317814
317816
317923
317987
318381
318388
318452
318697
319168
319174
319209
319365
319482
319531
319554
319725
319980
320195
320331
320417
320572
320588
320673
320747
320793
320869
320898
320932
320969
321035
321045
321121
321214
321291
321317
321340
321469
321554
321608
321879
321880
321902
322038
322074
322107
322180
322258
322268
322376
322533
322760
322805
322830
323135
323395
323460
323570
323629
324032
324139
324248
324648
324688
324703
324732
324945
324991
325053
325054
325140
325148
325274
325354
325355
325407
325556
325557
325608
325697
325703
325819
325905
325917
326001
326069
326142
326364
326368
326430
326463
326473
326625
326639
326653
326735
327055
327266
327353
327365
327372
327401
327418
327497
327533
327729
328025
328040
328146
328170
328330
328344
328511
328540
328584
328952
328989
329190
329316
329321
329383
329391
329457
329572
329615
329779
329904
329925
329958
329993
330023
330377
330497
330533
330753
331181
331265
331312
331351
331443
331551
331626
331673
331702
331847
331985
332311
332313
332403
332469
332490
332507
332549
332636
332713
332816
332901
333076
333083
333143
333367
333558
333567
333583
333608
333626
333657
333872
333933
334057
334071
334132
334147
334190
334200
334296
334307
334332
334432
334447
334536
334785
334836
334846
334917
335000
335319
335638
335783
335824
336147
336148
336162
336241
336367
336402
336434
336435
336570
336622
336662
336687
336732
336829
336867
337073
337164
337428
337539
337540
338043
338116
338155
338174
338195
338197
338208
338241
338325
338377
338380
338589
338593
338688
338852
338854
338867
338881
339075
339104
339306
339631
339672
339673
339946
339948
339982
339999
340058
340074
340155
340522
340591
340689
340711
340749
340825
341186
341431
341527
341627
341873
341964
341984
342114
342193
342510
342545
342574
342576
342597
342614
342619
342767
342779
342847
343019
343043
343138
343156
343267
343302
343472
343532
343591
343690
343703
343949
343963
343989
344007
344082
344138
344150
344188
344282
344398
344469
344544
344668
344688
344720
344788
344846
344961
345025
345070
345104
345195
345333
345675
345777
345898
345908
345933
345937
345946
346225
346320
346327
346351
346371
346421
346455
346498
346610
346615
346616
346697
346767
346966
347032
347056
347300
347346
347373
347394
347440
347469
347495
347596
347680
347762
348166
348205
348258
348312
348344
348363
348454
348582
348713
348743
348878
348883
348983
349008
349192
349221
349260
349428
349445
349489
349492
349613
349785
349801
349905
350005
350044
350119
350136
350239
350241
350486
350750
350782
350891
350987
350996
351214
351301
351372
351414
351486
351519
351524
351612
351960
351995
352055
352075
352160
352180
352206
352318
352345
352440
352534
352622
352794
352906
353028
353068
353076
353096
353370
353410
353550
353610
353667
353668
353682
353747
353758
353842
353885
353955
353966
353995
354099
354239
354344
354419
354458
354500
354611
354634
354728
354769
354951
354979
355176
355215
355262
355349
355385
355743
355811
355932
356123
356164
356368
356398
356447
356582
356695
356714
356808
356819
356891
356893
356966
357181
357227
357278
357310
357312
357320
357333
357354
357387
357406
357480
357563
357598
357752
357908
357916
357925
358051
358178
358257
358403
358407
358613
358631
358645
358682
358691
358826
358871
359179
359182
359207
359305
359317
359427
359439
359713
359725
359767
359858
359899
360087
360179
360249
360286
360315
360609
360668
360742
360803
360934
360941
360980
361392
361434
361465
361518
361587
361597
361773
361847
361906
361969
362010
362248
362499
362606
362674
362730
362795
362831
362920
362950
363158
363261
363375
363449
363502
363593
363686
363856
363972
364042
364101
364195
364212
364262
364311
364488
364597
364630
364674
364679
364721
364751
364892
365026
365158
365170
365180
365280
365487
365568
365615
365685
365686
365750
365863
365901
365949
365960
366175
366311
366313
366340
366401
366478
366490
366524
366544
366623
366626
366726
366799
366851
367064
367238
367241
367271
367301
367352
367382
367475
367701
367774
367923
367997
368059
368070
368300
368365
368377
368480
368571
368624
368804
368872
368890
369312
369434
369452
369458
369717
369926
370005
370248
370533
370710
370735
370796
370826
370980
371087
371096
371200
371350
371432
371572
371590
371665
371669
371721
371832
371844
371914
371975
372308
372372
372513
372542
372697
372763
372884
373143
373175
373181
373201
373286
373340
373374
373438
373476
373622
373666
373890
373926
373987
374020
374072
374073
374194
374284
374435
374660
374740
374777
374785
374805
374873
374875
374890
374913
374946
374982
375461
375501
375541
375585
375663
375886
376020
376052
376240
376478
376488
376635
376798
376903
376932
377143
377160
377319
377382
377479
377519
377601
377659
377697
377725
377789
377878
377881
377999
378008
378027
378073
378080
378170
378283
378338
378346
378397
378622
378696
379095
379226
379240
379273
379430
379436
379566
379683
379961
380146
380200
380500
380534
380575
380617
380685
380714
380919
380932
381149
381277
381467
381654
381692
381700
381710
381745
381980
382048
382156
382169
382256
382291
382374
382488
382553
382863
382872
382876
383246
383647
383660
383689
383742
383801
383804
384080
384090
384102
384227
384531
384721
384917
385254
385275
385328
385421
385448
385486
385491
385497
385513
385526
385640
385716
385762
385985
386044
386225
386245
386396
386783
386862
386949
386994
387123
387149
387171
387276
387579
387632
387707
387726
387739
387830
387862
387932
388025
388102
388103
388175
388323
388351
388389
388422
388608
388733
388786
388959
389049
389173
389188
389285
389369
389687
389740
389824
389904
389996
390036
390039
390163
390178
390317
390358
390390
390441
390534
390554
390907
390946
390979
391037
391038
391047
391258
391262
391525
391567
391614
391795
392073
392099
392134
392376
392474
392746
392876
392904
392948
393018
393041
393206
393227
393248
393339
393464
393746
393862
393979
394031
394051
394053
394209
394210
394331
394416
394564
394734
394763
394773
394954
395058
395163
395178
395238
395510
395537
395550
395607
395715
395766
395936
395960
396111
396118
396206
396360
396452
396486
396575
396704
396783
396962
396989
397040
397194
397206
397283
397297
397315
397356
397409
397662
397862
398033
398231
398330
398371
398391
398451
398561
398667
398771
398772
398834
398900
398942
399130
399159
399302
399431
399722
399744
400039
400336
400361
400392
400434
400594
400624
400679
400693
400742
400839
400973
401082
401162
401172
401236
401254
401277
401335
401342
401704
401778
402078
402105
402135
402168
402256
402319
402435
402448
402485
402503
402529
402681
402727
402817
402953
403033
403094
403150
403184
403228
403348
403366
403518
403624
403764
403767
403971
403986
404154
404222
404412
404429
404647
404693
404764
404852
404856
404999
405075
405102
405193
405279
405296
405339
405390
405404
405704
405871
405900
405912
406240
406540
406673
406764
406881
407103
407104
407111
407210
407345
407482
407621
407675
407676
407732
407742
407769
408089
408151
408251
408325
408528
408603
408617
408669
408697
408731
408762
409064
409152
409169
409267
409393
409413
409624
409630
409764
409766
409786
409923
409929
409994
410010
410140
410160
410232
410263
410435
410542
410598
410844
410867
410974
411198
411316
411355
411508
411510
411562
411572
411640
411662
411731
411772
411834
411844
411972
412008
412017
412053
412055
412116
412458
412527
412541
412635
412787
412914
412970
413000
413100
413162
413315
413567
413601
413683
414076
414250
414300
414301
414431
414553
414561
414690
414761
414828
414860
414886
414929
415068
415164
415339
415343
415390
415457
415481
415598
415622
415696
415698
415773
416038
416059
416333
416353
416519
416542
416686
416753
416766
416772
416819
416879
416940
416955
417016
417043
417045
417141
417264
417357
417409
417427
417472
417489
417637
417719
417792
417826
417844
417848
417886
417933
417979
418018
418035
418056
418287
418297
418350
418390
418451
418497
418680
418878
418891
419037
419074
419231
419245
419400
419532
419666
419691
419713
419799
419897
419916
420037
420038
420072
420093
420257
420297
420387
420489
420635
420704
420798
420837
421034
421287
421298
421389
421424
421430
421433
421628
421635
421781
421788
421841
421926
421952
421969
422030
422044
422197
422268
422292
422475
422528
422575
422583
422779
422824
422853
422925
423003
423095
423118
423169
423186
423354
423508
423559
424154
424183
424189
424207
424253
424382
424432
424545
424585
424653
424760
424861
424920
425112
425132
425260
425275
425281
425346
425360
425400
425475
425489
425518
425665
425833
425875
425892
425908
426052
426064
426167
426328
426444
426574
426699
426735
426791
426800
426915
427051
427115
427361
427380
427416
427527
427628
427691
427715
427766
427826
428062
428121
428162
428184
428255
428267
428361
428419
428430
428482
428590
428659
428718
428910
429000
429020
429064
429125
429129
429493
429494
429509
429607
429747
429800
429806
429876
429910
430077
430339
430457
430495
430580
430657
430838
431027
431204
431210
431251
431421
431485
431766
431870
431883
431955
432044
432047
432143
432238
432300
432417
432470
432506
432588
432778
432819
432999
433336
433365
433394
433402
433408
433432
433473
433520
433574
433587
433751
433839
433866
433878
433937
434069
434177
434417
434658
434746
434759
434790
435135
435161
435211
435328
435329
435475
435480
435488
435831
435900
435922
436003
436031
436033
436200
436292
436352
436420
436550
436611
436807
437248
437436
437776
437789
437883
437955
438014
438488
438502
438624
438652
438828
439097
439239
439264
439457
439492
439651
439882
440018
440228
440339
440424
440612
440796
441275
441328
441377
441614
441629
441707
441743
441790
441828
441852
441860
441894
441956
441979
442086
442167
442291
442712
442822
442958
443066
443173
443232
443346
443463
443631
443670
443727
443746
443867
444296
444437
444502
444503
444579
444756
444906
444918
444995
445020
445124
445442
445468
445506
445656
445705
445819
445834
446093
446179
446189
446536
446572
446895
446981
446994
447057
447100
447116
447320
447354
447462
447657
447712
447746
447769
447802
448066
448225
448252
448266
448390
448566
448635
448807
449030
449062
449070
449226
449275
449410
449415
449421
449439
449535
449551
449681
449686
450055
450109
450143
450292
450420
450540
450601
450602
450621
450906
450948
451163
451192
451300
451354
451591
451649
451699
451838
451887
451945
452044
452067
452105
452214
452480
452607
452696
452727
452737
452740
452753
452816
452820
452887
452890
452961
453044
453139
453280
453590
453702
453791
454383
454437
454460
454562
454665
454756
454797
454940
454963
454974
455060
455325
455601
455628
455675
455821
455990
456030
456084
456239
456330
456407
456468
456484
456723
456750
456900
456924
456945
456995
457011
457025
457135
457202
457466
457546
457608
457705
457780
457830
457849
457925
457949
457971
457985
458007
458059
458204
458222
458326
458348
458359
458376
458385
458601
458684
458708
458862
458941
458951
458953
459039
459207
459295
459308
459412
459474
459533
459607
459768
459774
459845
459977
460277
460317
460478
460704
460811
460856
461305
461353
461377
461437
461481
461507
461580
461665
461669
461705
461725
462039
462080
462168
462240
462278
462302
462532
462746
462993
463244
463468
463556
463576
463619
463677
463854
463881
463913
463986
464057
464230
464280
464740
464743
464784
464914
464982
465040
465100
465236
465241
465541
465611
465728
465744
465753
465769
465830
465876
465886
465894
466065
466135
466169
466262
466357
466379
466410
466417
466501
466755
466961
467020
467296
467388
467507
467781
467810
467922
467932
467961
468136
468462
468587
468668
468684
468759
468813
468999
469090
469108
469156
469242
469245
469388
469425
469429
469474
469646
469649
469760
469808
470077
470174
470491
470539
470550
470593
470627
470766
470881
471147
471203
471226
471276
471307
471372
471402
471540
471757
471758
471799
471848
471939
471950
472149
472220
472294
472449
472456
472492
472526
472583
472600
472622
472666
472683
472778
472801
472880
473011
473095
473318
473356
473456
473505
473535
473540
473547
473574
473579
473669
473837
473841
473909
473955
474045
474132
474338
474356
474573
474610
474672
474720
474762
474810
474821
474891
474895
474906
474930
474998
475015
475032
475118
475214
475230
475271
475278
475447
475481
475757
475759
475765
475913
475958
475964
475982
476005
476251
476300
476339
476542
476623
476627
476741
476769
476791
476865
476871
476940
477130
477223
477225
477358
477447
477732
477739
477949
478173
478190
478206
478272
478500
478645
478728
478745
478775
478922
479175
479211
479220
479269
479338
479393
479571
479665
479706
479719
479773
479823
479898
479915
480018
480262
480390
480537
480578
480584
480627
480639
480811
480900
480977
481040
481158
481218
481270
481316
481331
481401
481435
481538
481686
481748
481759
481768
481923
481930
481933
481971
482055
482069
482108
482139
482293
482314
482342
482363
482451
482518
482525
482800
482872
482894
482903
482911
483313
483346
483423
483647
483649
483692
483709
483977
483979
484061
484069
484117
484352
484459
484534
484725
484865
484948
485049
485239
485309
485460
485543
485559
485622
485746
485853
485931
485942
485943
486073
486149
486185
486230
486242
486385
486621
486637
486683
486739
486815
487047
487086
487103
487132
487253
487255
487488
487501
487549
487554
487616
487675
487763
487822
487844
487973
488115
488212
488247
488317
488332
488351
488356
488404
488544
488690
488854
488891
488934
488939
488963
488970
489238
489331
489355
489389
489480
489650
489837
489840
489977
490019
490052
490060
490104
490169
490447
490490
490513
490567
490781
491123
491282
491505
491543
491655
491809
491863
491962
492001
492115
492230
492335
492424
492613
492795
492862
492959
493133
493145
493168
493297
493434
493571
493643
493688
493777
494035
494083
494124
494137
494231
494433
494566
494592
494835
494841
494885
495066
495135
495346
495367
495521
495609
495612
495836
495979
496018
496114
496133
496217
496356
496372
496415
496492
496496
496607
496632
496635
496784
496831
496833
496837
496942
497023
497038
497080
497083
497216
497228
497355
497384
497399
497449
497475
497481
497562
497790
497805
497890
497916
497992
497993
498047
498048
498062
498196
498256
498602
498611
498735
498767
498821
498827
498901
498904
498909
498991
499151
499286
499327
499491
499513
499586
499636
499725
499741
499775
499872
499904
500133
500224
500291
500372
500433
500439
500456
500774
500810
500919
500959
500982
501073
501470
501665
501675
501936
501984
502060
502106
502173
502266
502284
502309
502506
502563
502628
502629
502675
502760
502857
503070
503115
503155
503239
503494
503559
503735
503815
503864
503928
503964
504010
504156
504220
504254
504293
504314
504409
504541
504544
504648
504833
505161
505210
505281
505308
505360
505438
505556
505563
505597
505710
505715
505792
505897
505942
505964
506116
506176
506527
506709
506727
506777
506811
506924
506942
506973
507038
507184
507186
507597
507727
507807
507844
507885
507965
507977
508044
508142
508164
508211
508374
508451
508781
508883
508886
508936
508950
508956
508957
509164
509389
509395
509439
509484
509898
509903
509923
509944
509953
509984
510447
510580
510604
510628
510728
510817
510857
510999
511143
511219
511334
511410
511430
511442
511539
511677
511700
511716
511717
511805
511823
511923
511931
512026
512044
512252
512275
512282
512305
512386
512419
512501
512636
512867
512928
512998
513026
513079
513087
513226
513243
513245
513364
513404
513440
513469
513508
513525
513565
513619
513665
513762
513768
513794
513841
513852
513973
514032
514126
514161
514179
514182
514303
514471
514567
514592
514605
514623
514762
514911
514942
514971
515063
515206
515212
515230
515406
515486
515519
515596
515730
515744
515801
515819
516037
516064
516203
516304
516325
516384
516448
516572
516655
516656
516798
516819
516850
517076
517095
517166
517329
517468
517477
517533
517637
517737
517797
517844
518072
518081
518179
518227
518383
518404
518465
518534
518595
518700
518724
518750
518773
518816
518877
518937
519210
519244
519418
519433
519439
519487
519665
519676
519701
519824
520085
520173
520204
520244
520561
520588
520597
520630
520661
520711
520726
520730
520733
520910
521128
521336
521403
521404
521458
521471
521662
521862
521956
522027
522034
522190
522253
522414
522428
522617
522619
523043
523327
523435
523584
523702
523730
523786
523905
523932
523942
523964
524050
524213
524433
524439
524680
524886
524960
525137
525153
525299
525320
525341
525481
525499
525559
525651
525784
525795
526008
526061
526098
526182
526321
526500
526570
526634
526642
526762
526814
527033
527061
527146
527194
527226
527303
527456
527502
527640
527653
527680
527741
527803
527893
528039
528062
528090
528133
528286
528301
528344
528389
528513
528561
528600
528657
528682
528685
528722
528812
528844
528941
528981
529042
529099
529243
529249
529516
529518
529589
529599
529843
529880
529934
529936
530103
530107
530142
530408
530479
530668
531044
531076
531546
531568
531689
531946
532167
532224
532369
532460
532622
532673
532675
532694
532824
532883
532908
532913
532929
532987
533017
533294
533358
533493
533548
533588
533668
534050
534053
534070
534084
534176
534243
534247
534439
534468
534487
534521
534530
534552
534574
534588
534611
534860
535028
535111
535174
535529
535542
535579
535761
535892
536121
536257
536267
536363
536551
536608
536657
536750
536791
536919
537133
537252
537383
537409
537456
537981
538088
538160
538574
538591
538621
538640
538657
538681
538728
538747
538750
538845
538908
538925
538943
539040
539070
539339
539375
539493
539647
539717
539722
539732
539768
539888
539975
540072
540312
540417
541072
541269
541273
541333
541492
541568
541635
541757
541940
542020
542045
542125
542146
542184
542185
542193
542216
542467
542501
542643
542714
542735
542745
542802
542970
543239
543528
543543
543608
543663
543836
543891
543943
543978
544010
544120
544220
544618
544628
544638
544929
545178
545247
545421
545435
545484
545714
545901
545981
546044
546231
546425
546602
546603
546667
546798
546859
547028
547141
547283
547415
547437
547484
547667
547696
547731
547790
547825
547838
547868
548120
548359
548455
548480
548506
548722
548827
548947
548979
549103
549136
549207
549299
549571
549632
549712
549723
549737
549834
549864
550047
550340
550460
550530
550778
550997
551014
551070
551307
551480
551566
551659
551689
551782
551799
551867
552037
552240
552337
552409
552449
552472
552528
552638
552836
552883
553007
553055
553211
553233
553247
553293
553468
553546
553913
553962
554061
554127
554156
554207
554344
554596
554670
555015
555030
555048
555398
555494
555568
555625
555629
555676
555705
555808
555852
555974
556023
556067
556087
556167
556183
556345
556545
556619
556651
556653
556770
557051
557118
557152
557219
557278
557305
557450
557585
557593
557687
557692
557694
557717
557889
558019
558038
558060
558064
558082
558144
558219
558239
558296
558421
558496
558770
558913
558997
559183
559238
559268
559302
559453
559586
559590
559596
559629
559755
559899
560106
560300
560327
560368
560397
560413
560453
560536
560614
560626
560644
561037
561110
561128
561178
561198
561224
561378
561575
561719
561890
561954
562023
562073
562134
562362
562366
562417
562607
562616
562768
562939
562957
563017
563079
563157
563237
563254
563297
563334
563442
563634
563750
563844
563952
563974
564115
564598
564703
564913
565041
565084
565177
565364
565410
565499
565665
565821
565884
566047
566118
566178
566249
566468
566637
566681
566697
566770
566893
566959
567049
567079
567116
567122
567149
567178
567315
567534
567557
567678
567741
567748
567765
567811
567843
567875
568113
568158
568257
568324
568350
568414
568444
568569
568614
568787
568841
568860
568871
568883
568975
569011
569069
569197
569287
569308
569361
569507
569584
569632
569667
569671
569848
569934
570134
570167
570175
570245
570284
570320
570411
570438
570588
570623
570633
570701
570726
570950
570991
570995
571008
571274
571428
571431
571560
571601
571716
571756
571767
571819
571931
571932
572035
572067
572162
572221
572253
572435
572584
572621
572647
572651
572780
572783
572906
572912
572946
572977
573126
573371
573380
573426
573592
573669
573696
573825
573852
573870
573883
573949
573989
574454
574500
574663
574676
574801
574864
574892
575164
575286
575305
575326
575356
575569
575606
575889
576097
576256
576565
576737
576742
576839
576931
577013
577246
577647
577662
577715
577752
577784
577790
577887
578067
578171
578235
578300
578370
578402
578507
578605
578705
578981
579151
579199
579204
579306
579332
579414
579635
579698
579766
579777
579782
579922
580100
580224
580758
581021
581076
581250
581545
581652
581729
581843
581852
581855
582046
582052
582460
582494
582547
582568
582597
582603
582716
582730
582836
582860
583370
583531
583660
583765
583820
583874
584028
584252
584382
584385
584493
584751
584816
585075
585083
585347
585393
585421
585518
585703
585747
585954
586003
586307
586324
586329
586340
586367
586511
586691
586855
586948
587200
587220
587288
587677
588038
588166
588240
588399
588400
588420
588445
588623
588749
588919
589218
589345
589576
589736
589988
590036
590101
590219
590325
590441
590457
590609
590719
590814
590854
590916
590960
591012
591071
591125
591332
591335
591564
591616
591641
591664
591747
592013
592025
592028
592108
592185
592309
592314
592457
592635
592649
592734
592837
592901
592951
593312
593326
593363
593407
593727
593750
593779
593806
593907
594248
594250
594320
594491
594595
594601
594650
594704
594707
594796
594818
594882
594937
594991
594995
595027
595187
595253
595803
595816
595833
595852
596158
596214
596437
596617
596739
596794
596813
596866
596867
596877
597027
597107
597567
597656
597801
597873
598051
598088
598127
598150
598182
598241
598255
598384
598534
598540
598650
598670
598707
598752
598952
599217
599292
599328
599474
599814
599820
599860
600187
600287
600499
600584
600847
600967
600970
601100
601117
601136
601177
601409
601466
601478
601505
601525
601565
601656
601755
601822
601898
602004
602243
602297
602344
602424
602463
602722
602841
602869
602885
602942
602980
602985
603206
603230
603271
603290
603329
603357
603403
603422
603425
603434
603510
603603
603738
603842
603843
603872
604064
604068
604113
604143
604282
604443
604482
604575
604800
604885
604973
605027
605202
605244
605299
605426
605485
605691
605818
605831
605841
605990
606130
606132
606201
606237
606328
606561
606839
607251
607285
607453
607460
607509
608102
608296
608346
608705
608715
608820
608923
609034
609078
609085
609171
609214
609224
609283
609474
609540
609573
609588
609826
609901
610009
610315
610355
610358
610671
610677
610767
610989
611030
611103
611139
611226
611307
611312
611330
611728
611740
611838
611859
611909
611969
612304
612367
612417
612423
612458
612574
612753
612762
612770
612879
613012
613045
613212
613247
613274
613435
613448
613506
613956
614020
614093
614107
614142
614147
614194
614209
614222
614242
614377
614554
614569
614588
614810
614864
615279
615285
615314
615518
615602
615613
615759
615781
615798
615944
615984
616005
616020
616068
616148
616549
616562
616624
616837
616934
617121
617200
617382
617482
617543
617726
617742
618022
618087
618237
618255
618323
618392
618535
618688
618765
618791
618884
618932
618937
619121
619131
619231
619278
619544
619640
619720
619729
619800
619812
619968
620148
620170
620459
620503
620901
620949
621049
621053
621069
621245
621259
621304
621340
621392
621393
621401
621402
621469
621492
621559
621592
621752
621774
621957
622246
622287
622302
622348
622381
622590
622618
622723
623029
623122
623169
623201
623267
623297
623332
623577
623594
623956
624102
624167
624201
624271
624415
624467
624533
624550
624573
624675
624916
624922
625130
625562
625577
625664
625671
625817
625896
625911
626147
626338
626361
626528
626570
626611
626719
626756
626929
626931
626932
626945
627019
627068
627149
627221
627265
627362
627375
627543
627567
627598
627717
627766
627813
627831
627847
627913
628044
628140
628197
628262
628384
628540
628594
628674
628897
629162
629239
629277
629315
629397
629598
629834
630185
630248
630287
630331
630408
630412
630474
630636
630695
630743
630805
630865
630868
630970
631025
631251
631256
631333
631476
631561
631664
631715
631842
631865
631879
631906
631984
632121
632150
632293
632419
632424
632436
632553
632602
632665
632669
632693
632725
632731
632747
632771
632916
633007
633098
633109
633161
633292
633356
633368
633388
633403
633443
633495
633617
633739
633762
633763
633787
634053
634057
634150
634167
634538
634852
634931
634995
635011
635081
635221
635341
635445
635469
635581
635826
635828
635837
635948
636007
636050
636093
636392
636457
636469
636522
636641
636721
636728
636731
636769
636879
637098
637377
637384
637570
637612
637819
638003
638105
638109
638164
638198
638216
638223
638474
638731
638738
638836
638978
638992
639170
639201
639223
639230
639242
639386
639726
639733
639789
639804
639963
639974
640179
640194
640556
640714
640765
640769
640780
640987
641055
641112
641164
641427
641438
641516
641550
642007
642108
642127
642394
642497
642546
642572
642829
642918
643073
643136
643153
643219
643376
643406
643872
643912
643966
644095
644168
644212
644229
644247
644326
644427
644739
644843
644934
644959
645080
645123
645306
645357
645409
645439
645537
645626
645675
645703
645817
645879
646094
646454
646561
646647
646658
646665
646670
646941
646959
646967
647061
647072
647101
647126
647177
647400
647558
647738
647739
647985
647989
648053
648184
648210
648246
648386
648549
648559
648699
648754
649054
649135
649241
649315
649318
649466
649494
649527
649752
649776
649863
649890
650124
650172
650199
650206
650667
650832
651254
651257
651309
651353
651395
651454
651869
652072
652077
652112
652446
652719
652731
652857
652885
652924
652969
653108
653227
653275
653311
653380
653470
653510
653684
653757
653844
653878
653967
654122
654129
654224
654241
654276
654295
654410
654471
654638
654712
655029
655174
655200
655220
655225
655235
655610
655719
655720
655727
655932
656412
656491
656505
656521
656551
656646
656647
656654
656666
656679
656757
656769
656773
656828
656872
656882
656904
656932
656985
657049
657156
657212
657227
657258
657497
657758
657957
657970
657987
658044
658145
658161
658174
658308
658620
658623
658648
658677
658703
658777
658945
658967
659046
659211
659337
659366
659567
659699
659731
659804
659817
660011
660065
660668
660913
660925
660930
660989
661034
661133
661166
661233
661264
661344
661380
661388
661437
661560
661603
661913
661947
661970
662007
662033
662190
662420
662478
662602
662655
662703
662759
662866
663009
663053
663088
663095
663136
663321
663325
663482
663541
663554
663651
663674
663704
663896
663898
663993
664044
664166
664250
664317
664371
664486
664499
664633
664653
664709
664884
665149
665180
665259
665270
665305
665358
665510
665533
665562
665599
665600
665687
665758
666088
666135
666232
666281
666547
666562
666812
666897
667061
667182
667208
667292
667385
667458
667547
667641
667669
667725
668008
668053
668123
668250
668267
668279
668296
668297
668298
668306
668386
668437
668444
668491
669297
669577
670086
670109
670197
670331
670591
670769
670789
670858
671118
671388
671394
671431
671445
671507
671848
671910
672279
672390
672507
672531
672536
672572
672574
672610
672676
672782
672895
673143
673222
673276
673322
673543
673600
673614
673673
673787
673833
674059
674107
674126
674163
674171
674189
674378
674454
674593
674601
674747
674832
674863
674911
675030
675067
675211
675220
675382
675393
675436
675864
675977
675978
676195
676427
676524
676604
676634
676676
676827
676837
677027
677182
677197
677200
677223
677439
677544
677607
677706
677900
677906
677913
677917
677978
678021
678027
678200
678216
678289
678305
678413
678633
678682
678730
678744
678875
678879
678985
679121
679128
679239
679286
679452
679467
679622
679680
679798
679907
679949
680041
680080
680115
680216
680219
680301
680440
680461
680489
680506
680725
680853
680942
681179
681247
681258
681306
681365
681390
681494
681742
681786
681931
681967
682044
682430
682523
682608
682849
682955
682956
682972
682991
683071
683106
683171
683198
683210
683249
683276
683372
683737
683864
683956
683960
684033
684140
684179
684248
684258
684269
684332
684629
684662
684755
684786
684817
684965
684988
685668
685709
685887
685974
686111
686249
686251
686498
686525
686913
686939
687044
687309
687618
687789
687865
688024
688045
688067
688128
688157
688192
688262
688334
688451
688497
688515
688586
688612
688717
688757
688772
688890
688921
689011
689044
689214
689285
689390
689474
689558
689601
689658
689690
689693
689731
689750
689784
690143
690177
690178
690192
690333
690363
690378
690422
690428
690486
690534
690659
690834
691063
691090
691102
691104
691149
691260
691459
691573
691593
691630
691642
691914
692016
692113
692164
692190
692262
692329
692342
692523
693008
693149
693233
693372
693400
693401
693437
693553
693641
693666
693707
693732
693811
694021
694229
695101
695335
695492
695608
695609
695742
695949
696084
696099
696346
696411
696448
696586
696659
696694
696809
696863
696921
696969
697047
697485
697637
697670
697672
697803
697921
698009
698050
698079
698227
698248
698271
698325
698342
698359
698490
698511
698532
698568
698628
698870
698874
698906
698911
698927
698983
698991
699092
699297
699413
699502
699644
699683
699768
699787
699824
699892
699898
699971
699983
699994
700176
700261
700355
700388
700398
700410
700413
700450
700474
700495
700504
700545
700557
700607
700725
700793
700819
700896
700905
700922
700941
701031
701091
701284
701385
701391
701466
701503
701512
701561
701660
701829
701907
701937
701963
702000
702023
702034
702207
702233
702547
702640
702656
702716
702749
702809
702909
702925
702975
703034
703056
703089
703104
703182
703206
703217
703257
703258
703283
703334
703350
703408
703827
703862
703920
703954
703989
704046
704218
704222
704305
704356
704482
704571
704624
704687
704703
704723
704742
704782
704909
705052
705357
705391
705488
705526
705535
705546
705673
705759
705809
705928
706313
706357
706373
706388
706406
706433
706583
706607
706661
706805
706872
707069
707112
707235
707275
707356
707411
707500
707512
707641
707714
707794
707826
707968
708016
708028
708247
708272
708281
708445
708489
708906
708920
708937
708974
709022
709024
709028
709048
709057
709091
709175
709270
709280
709322
709330
709475
709525
709529
709600
709697
709788
709819
709821
710032
710339
710348
710614
710642
710775
710936
711055
711111
711158
711246
711282
711306
711550
711580
711647
711772
711869
711993
712070
712091
712228
712233
712296
712421
712611
712635
712750
712912
712946
712967
713002
713235
713339
713344
713464
713862
713892
713935
713960
714126
714128
714150
714323
714389
714441
714527
714668
714717
714810
714846
714873
714956
715029
715063
715133
715179
715409
715533
715648
715658
715708
715813
715844
715895
716067
716263
716363
716407
716413
716586
716599
716618
716656
716770
716822
717016
717017
717203
717388
717392
717573
717695
717744
717945
717979
718034
718052
718193
718231
718258
718552
718558
718592
718672
718816
718839
719378
719518
719601
719907
720017
720073
720156
720265
720310
720433
720507
720508
720546
720551
720772
720866
720918
720921
720923
720941
720984
721218
721466
721633
721693
721701
721879
721912
721934
721944
721970
722321
722432
722448
722565
722621
722708
722778
722835
722914
723253
723318
723334
723429
723518
723637
724009
724141
724274
724318
724352
724397
724432
724486
724498
724522
724535
724541
724702
724790
724890
724908
724946
725142
725231
725404
725424
725464
725610
725688
725735
725862
725898
725917
726121
726412
726461
726547
726654
726739
726936
727061
727074
727085
727244
727263
727284
727315
727649
727750
727855
728056
728109
728247
728267
728313
728624
728637
728772
728807
728887
728914
728927
729105
729134
729138
729275
729311
729354
729437
729576
729578
729599
729803
729804
729837
729888
730233
730349
730377
730388
730477
730560
730563
730668
730791
731010
731069
731074
731177
731185
731249
731361
731422
731433
731481
731565
731618
731645
731698
731765
731789
732096
732122
732386
732615
732713
732807
732816
732935
733002
733041
733117
733145
733184
733343
733456
733462
733563
733605
733745
733845
733940
734181
734312
734521
734549
734756
734765
734812
734969
735137
735175
735271
735389
735424
735429
735495
735521
735624
735638
735773
735839
735874
735903
736076
736098
736117
736129
736173
736237
736258
736285
736365
736402
736417
736609
736715
736755
736763
736771
736819
736860
737114
737255
737258
737582
737770
737806
737829
737915
738165
738170
738282
738381
738435
738480
738582
738727
738733
738808
738845
738927
738982
739040
739127
739167
739444
739538
739569
739862
739920
739939
740179
740189
740273
740323
740351
740397
740427
740452
740493
740597
740606
740613
740676
740796
740847
740898
740937
740947
741164
741185
741225
741230
741487
741697
741826
741905
741955
742021
742051
742070
742203
742388
742468
742601
742822
742886
743089
743123
743129
743178
743217
743218
743253
743338
743389
743536
743630
743631
743738
743847
743930
743942
744158
744199
744208
744287
744365
744506
744589
744716
744794
744815
744983
745013
745037
745189
745211
745253
745333
745418
745485
745544
745598
745639
745702
745904
745937
745947
746101
746202
746298
746444
746456
746513
746766
746769
746815
746843
747055
747155
747201
747238
747350
747478
747667
747754
748174
748193
748240
748311
748398
748567
748591
748642
748941
748955
748974
749037
749086
749196
749202
749203
749217
749230
749251
749498
749522
749536
749686
749794
750202
750378
750398
750481
750705
750794
750845
751081
751172
751221
751243
751262
751393
751417
751460
751617
751668
751677
752273
752373
752509
752588
752675
752701
752789
752830
752905
752957
753273
753287
753329
753354
753382
753464
753538
753587
753651
753776
753870
753891
753902
753915
754083
754127
754247
754284
754288
754581
754628
754698
754885
754921
754980
755006
755094
755114
755182
755440
755596
755632
755666
755768
755813
755842
755856
755959
755968
756012
756112
756119
756158
756185
756222
756418
756460
756499
756505
756586
756875
756899
757368
757433
757457
757515
757662
757859
757927
757993
758094
758103
758110
758172
758216
758264
758464
758515
758698
758888
758954
758999
759254
759284
759287
759317
759323
759355
759386
759389
759435
759522
759569
759581
759591
759696
759721
759737
759782
759855
759996
760010
760090
760150
760151
760166
760272
760466
760492
760528
760559
760733
760952
760990
761061
761151
761290
761341
761371
761434
761435
761446
761454
761539
761596
761676
761799
761825
761921
762038
762137
762221
762336
762354
762356
762397
762448
762469
762483
762609
762691
762807
762878
762970
763031
763061
763141
763203
763283
763325
763364
763466
763551
763568
763749
763800
763804
763837
764095
764120
764207
764331
764468
764548
764591
764796
764898
764902
765237
765347
765555
765748
765956
766179
766260
766439
766520
766678
766696
766722
766726
766786
766836
766933
767095
767301
767314
767416
767417
767436
767509
767528
767639
767694
767811
768009
768031
768080
768115
768399
768560
768647
768807
768910
768922
769098
769241
769393
769548
769614
769649
769671
769682
769717
769773
769880
770030
770051
770085
770192
770307
770327
770396
770413
770496
770643
770661
770663
770949
771053
771233
771244
771256
771264
771417
771623
771772
771800
771830
771941
771958
772003
772222
772404
772523
772833
773096
773282
773453
773721
773740
773857
773872
773918
774154
774172
774175
774205
774231
774252
774294
774555
774639
774792
775209
775293
775332
775402
775510
775580
775635
775666
775700
775867
775870
775932
776123
776133
776365
776391
776413
776483
776544
776549
776583
776797
777096
777139
777291
777386
777484
777519
777557
777613
777639
777692
777736
777905
777968
778056
778201
778233
778367
778452
778666
778734
778761
778797
778995
779093
779170
779178
779200
779241
779382
779413
779494
779542
779760
779882
780138
780160
780576
780712
780726
780974
781060
781080
781117
781144
781228
781451
781605
781668
781858
781878
781933
781950
782249
782299
782413
782414
782416
782545
782672
782874
782884
783012
783034
783198
783408
783485
783488
783539
783564
783602
783615
783887
783982
784068
784209
784315
784355
784473
784577
784602
784831
785042
785171
785231
785317
785558
785661
785693
785778
785952
786010
786026
786084
786160
786191
786513
786545
786657
786666
786964
786971
787090
787296
787302
787425
787484
787559
787594
787638
787778
788233
788309
788378
788500
788503
788516
788525
788744
788750
788981
789059
789284
789309
789397
789499
789633
789647
789657
789696
789941
790076
790155
790162
790298
790372
790410
790744
790909
790956
790958
790970
791004
791039
791070
791124
791143
791151
791245
791248
791313
791340
791381
791468
791519
791673
791686
791689
791729
791756
791855
791881
791917
792005
792010
792026
792050
792193
792275
792284
792297
792317
792351
792376
792378
792444
792505
792516
792585
792667
792683
792716
792784
792795
792805
793101
793177
793236
793334
793337
793377
793422
793528
793768
793841
793860
794477
794585
794590
794637
794756
794905
794994
795004
795109
795117
795128
795154
795172
795255
795341
795424
795783
795811
795824
795846
795903
795936
795976
795985
796650
796674
796696
796698
796720
796915
797055
797096
797292
797411
797511
797574
797688
797773
797975
797992
798003
798042
798062
798360
798644
798685
798762
798799
798824
798871
798917
799068
799095
799142
799173
799187
799243
799383
799390
799429
799770
799842
799906
799907
800003
800023
800064
800194
800345
800370
800554
800604
800619
800660
800718
800881
800932
800973
801111
801222
801471
801513
801661
801672
801713
801801
801914
802066
802221
802248
802258
802297
802456
802530
802735
802799
802854
802893
803176
803182
803199
803264
803311
803483
803615
803632
803782
803937
803955
804141
804356
804359
804403
804714
804716
804793
804818
804854
804881
804982
805116
805181
805214
805247
805356
805392
805588
805694
805696
805902
806110
806209
806227
806355
806357
806404
806477
806488
806808
806862
807052
807174
807326
807379
807581
807604
807656
807867
807946
808009
808088
808100
808130
808158
808301
808402
808593
808637
808757
808813
808815
808907
808963
809123
809226
809423
809506
809514
809517
809554
809559
809964
809977
810020
810117
810163
810243
810384
810689
810952
811026
811033
811087
811117
811141
811169
811517
811623
811672
811803
811988
812043
812331
812337
812474
812489
812600
812602
812613
812690
812759
812848
812874
813057
813249
813560
813587
813687
814012
814229
814312
814319
814344
814377
814491
814524
814526
814643
814736
814755
814771
814808
814875
814910
814936
815213
815305
815364
815389
815452
815728
815773
815836
815864
815877
815941
816122
816612
816647
816680
816942
816965
817043
817051
817177
817351
817523
817556
817559
817598
817691
817830
817917
817918
818244
818380
818463
818481
818839
819118
819436
819453
819729
819773
819806
819858
819864
819901
820077
820144
820161
820189
820208
820311
820350
820352
820434
820451
820476
820534
820578
820721
820802
820837
820853
820860
820907
820925
821115
821239
821463
821724
821733
821863
821866
822029
822365
822424
822517
822590
822624
822659
822716
822741
822807
822836
822913
822930
823080
823160
823220
823333
823362
823410
823485
823620
823669
823691
823828
823831
824018
824091
824172
824199
824296
824336
824376
824564
824789
824920
824943
825289
825359
825370
825373
825433
825605
825844
825894
826021
826041
826051
826099
826142
826166
826189
826281
826319
826352
826386
826438
826487
826528
826623
826648
826695
826726
826775
826815
826823
826934
826950
826987
827039
827067
827109
827121
827133
827387
827466
827529
827579
827602
827642
827730
827735
827741
827838
827874
828034
828054
828085
828154
828305
828328
828667
828684
828857
828886
829019
829045
829127
829221
829249
829332
829687
829830
829905
830002
830076
830101
830130
830174
830195
830241
830375
830538
830576
830596
830648
830662
831012
831104
831111
831213
831233
831284
831427
831473
831489
831497
831805
831965
832130
832269
832342
832371
832399
832526
832592
832691
832711
832803
832809
833123
833194
833318
833492
833516
833521
833691
833756
833768
833811
833987
833989
834053
834079
834104
834171
834208
834249
834321
834340
834409
834480
834585
834641
834828
834852
834862
834905
834956
835036
835193
835318
835386
835534
835536
835797
836161
836518
836540
836648
836671
836780
836873
836935
837179
837245
837418
837478
837535
837633
837983
838005
838038
838291
838298
838364
838383
838790
838948
839006
839030
839266
839412
839478
839516
839644
839822
839843
839846
840006
840025
840064
840153
840198
840209
840359
840441
840649
840825
841020
841224
841252
841366
841535
841645
841762
841787
841919
842021
842107
842180
842216
842224
842305
842354
842361
842561
842571
842585
842594
842786
842918
843387
843394
843507
843529
843626
843636
843676
843689
843713
843731
843839
843882
843907
843919
843958
843964
843999
844004
844057
844499
844678
844746
844797
844836
844872
844941
845105
845196
845469
845587
845644
845899
846079
846102
846147
846262
846337
846503
846651
846668
846770
846878
846982
846990
847070
847131
847194
847289
847332
847370
847403
847481
847520
847571
847686
847780
847810
847918
847922
847962
847985
848018
848029
848033
848077
848188
848197
848297
848317
848464
848588
848602
848650
848657
848743
848967
849027
849031
849043
849045
849092
849159
849360
849402
849563
849702
849880
849946
849991
850018
850021
850048
850185
850195
850292
850467
850542
850550
850710
850741
850853
850894
850981
851171
851243
851246
851250
851325
851380
851455
851503
851610
851746
851783
851840
852077
852080
852188
852274
852277
852347
852580
852589
852777
852809
852871
852881
853121
853172
853239
853403
853499
853506
853559
853581
853584
853788
853888
853963
854284
854357
854375
854403
854436
854453
854483
854484
854657
854660
854672
854821
854833
854959
854974
855072
855073
855118
855176
855245
855267
855676
855893
855938
855968
855980
856009
856072
856150
856199
856340
856476
856565
856641
856804
856924
856980
857195
857743
857750
857762
857887
858085
858155
858304
858308
858334
858458
858540
858695
858739
858758
858974
859081
859112
859120
859411
859469
859542
859546
859635
859639
859649
859727
859733
859753
859773
859803
859983
860019
860218
860272
860327
860358
860403
860467
860644
860706
860721
860809
860947
861092
861244
861329
861404
861423
861426
861468
861477
861521
861527
861722
861820
861822
861954
861962
861992
862040
862117
862165
862205
862539
862646
862748
862821
862879
862906
863018
863117
863440
863682
863850
863889
863963
864022
864333
864405
864491
864568
864571
864576
864748
864784
864878
864916
864954
864999
865011
865136
865306
865448
865550
865579
865638
865718
865729
865778
866259
866319
866401
866434
866550
866735
866800
866841
866851
867123
867247
867323
867370
867531
867562
867748
867821
867826
867832
867937
868007
868016
868244
868265
868372
868436
868457
868489
868924
869002
869197
869219
869236
869447
869467
869583
869766
869797
869816
869872
869991
870057
870076
870323
870348
870507
870511
870640
870855
870869
870887
870941
871001
871135
871483
871755
871783
871861
871880
871898
871927
871939
871941
872081
872093
872095
872203
872307
872338
872631
872762
872894
873285
873311
873314
873340
873346
873566
873585
873609
873645
873948
873981
874013
874035
874125
874140
874258
874312
874356
874387
874389
874393
874434
874483
874551
874562
874694
874777
874782
874882
875066
875121
875164
875217
875291
875364
875503
875568
875598
875721
875850
875871
875935
875995
876084
876168
876218
876457
876506
876515
876537
876598
876606
876680
876853
876958
877085
877104
877129
877184
877222
877257
877286
877396
877649
877775
877913
877927
878106
878198
878234
878259
878282
878320
878400
878408
878476
878521
878573
878585
878695
878810
878849
878863
878959
879094
879136
879169
879211
879237
879255
879537
879780
880100
880326
880349
881002
881013
881037
881051
881083
881374
881485
881490
881512
881619
881680
881771
881793
881889
881890
881962
882251
882299
882332
882351
882383
882407
882417
882496
882543
882715
882735
882975
883076
883117
883305
883445
883541
883546
883744
883754
883820
883970
884014
884141
884142
884279
884302
884443
884525
884697
884816
884919
885089
885274
885441
885468
885670
885713
885724
885729
886010
886147
886324
886343
886353
886414
886447
886553
886596
886741
886838
886994
887143
887511
887595
887678
887903
887948
887953
888175
888320
888415
888492
888569
888586
888769
889003
889007
889022
889247
889549
889620
889694
889761
889933
890009
890057
890283
890307
890520
890767
890811
890904
890947
891023
891051
891187
891419
891456
891479
891522
891540
891685
891800
891854
891888
891957
892014
892144
892193
892233
892386
892470
892542
892757
892771
892773
892792
892835
892906
893019
893278
893284
893301
893359
893571
893715
893815
893818
893840
893871
893954
893990
894200
894207
894234
894478
894587
894713
894742
894818
894858
894944
894952
895092
895142
895212
895274
895543
895647
895656
895769
896013
896016
896037
896149
896195
896223
896292
896420
896536
896561
896637
896643
896656
896894
896996
897007
897028
897080
897149
897153
897174
897279
897316
897370
897391
897454
897567
897953
898012
898107
898123
898150
898195
898202
898854
898856
898860
898898
899034
899036
899060
899128
899182
899218
899245
899301
899405
899468
899477
899720
899748
899803
899867
900077
900102
900104
900108
900270
900273
900279
900482
900493
900700
900862
900884
900998
901039
901078
901080
901160
901231
901307
902004
902048
902110
902200
902210
902463
902763
902813
902988
903063
903125
903233
903243
903282
903297
903305
903444
903610
903720
903942
903979
904004
904028
904126
904243
904311
904378
904394
904447
904489
904573
904753
904905
904924
905138
905235
905284
905341
905481
905521
905525
905661
906144
906209
906406
906517
906536
906587
906696
906768
906853
906866
907058
907253
907272
907290
907312
907536
907666
907702
907876
907906
907958
908321
908352
908559
908640
908708
908709
908906
908912
908930
909064
909222
909440
909501
909528
909539
909561
909568
909663
909665
909703
909758
909805
909921
910051
910055
910152
910202
910287
910379
910431
910471
910654
910673
910762
910790
910829
910967
911105
911211
911353
911565
911658
911660
911675
911764
912066
912075
912138
912235
912256
912274
912279
912421
912499
912605
912735
912757
912796
912892
913035
913152
913186
913321
913629
913647
913817
913952
913973
914031
914061
914160
914167
914347
914394
914437
914446
914518
914541
914596
914602
914656
914674
914721
914757
914786
914827
914918
914973
915035
915154
915199
915281
915303
915599
915648
915823
916121
916285
916518
916535
916739
916916
916966
917116
917199
917269
917415
917509
917911
917913
917957
918053
918190
918243
918322
918475
918546
918755
918809
918844
918853
919076
919171
919251
919269
919371
919403
919491
919755
919758
919793
919914
920036
920202
920291
920306
920386
920433
920648
920674
920774
920814
920987
921014
921032
921098
921175
921206
921238
921497
921534
921632
921873
922168
922214
922376
922385
922427
922543
922668
922691
922871
922908
922945
923036
923074
923079
923133
923223
923239
923309
923317
923376
923403
923420
923462
923525
923622
923655
923899
923933
924051
924094
924150
924189
924295
924300
924634
924794
924846
924913
924942
924965
924972
925078
925154
925176
925660
925716
925739
925745
926082
926200
926250
926262
926373
926387
926411
926525
926594
926621
926675
926762
926825
926844
926845
926862
926921
927023
927061
927086
927101
927133
927206
927210
927340
927506
927554
927703
927855
927872
927983
927985
928184
928213
928234
928507
928525
928529
928551
928855
928960
928994
929033
929068
929198
929302
929332
929501
929571
929631
929653
929659
929669
929782
929810
929851
929960
929963
929977
930008
930126
930178
930183
930211
930229
930257
930321
930324
930358
930371
930381
930403
930448
930618
930619
930638
930697
930730
930856
930955
930995
931043
931045
931170
931189
931306
931471
931482
931558
931636
931934
931938
931963
932079
932126
932224
932277
932392
932519
932581
932728
932886
933067
933081
933132
933156
933205
933207
933233
933235
933344
933396
933399
933487
933491
933642
933735
933820
933884
934139
934163
934188
934220
934279
934317
934397
934436
934507
934781
934844
935042
935074
935122
935168
935246
935255
935279
935398
935552
935588
935641
935670
935696
935713
935714
935778
935823
936123
936167
936212
936292
936383
936386
936490
936777
936838
936886
936980
936999
937103
937238
937340
937382
937411
937451
937704
937760
937772
937789
937825
938015
938087
938139
938182
938212
938410
938466
938718
938735
938915
938977
939047
939239
939411
939493
939625
939817
939820
939908
940161
940228
940324
940785
941111
941142
941168
941251
941317
941328
941376
941485
941564
941605
941718
941792
941821
941884
941935
942076
942212
942235
942242
942303
942369
942400
942517
942565
942583
942741
942827
942898
942977
943226
943276
943326
943328
943364
943370
943423
943461
943485
943769
943833
943873
944110
944273
944317
944427
944460
944503
944524
944714
944826
944843
945152
945182
945313
945347
945577
945604
945608
945673
945683
945762
945936
945976
946003
946040
946067
946095
946138
946279
946467
946603
946685
946754
946807
946939
946940
947028
947105
947211
947281
947324
947327
947352
947413
947601
947645
947700
947737
947738
948016
948049
948125
948145
948257
948336
948412
948418
948440
948556
948599
948697
948793
948810
948828
948865
948913
949100
949164
949183
949199
949217
949235
949463
949471
949585
949655
949699
949823
949839
949950
949964
950013
950057
950134
950149
950235
950370
950548
950653
950686
950706
950879
950924
950945
950971
951071
951085
951134
951259
951267
951398
951748
951850
951982
952088
952111
952161
952197
952259
952355
952431
952666
952951
953143
953402
953603
953606
953659
953668
953823
953828
953905
953955
953963
954010
954112
954153
954178
954299
954363
954439
954593
954646
954677
954694
954718
954904
955113
955208
955432
955547
955648
955804
955843
955908
955978
956186
956226
956437
956457
956587
956610
956847
956855
956976
957178
957212
957409
957427
957491
957496
957560
957695
957815
957872
957895
957942
957974
957998
958254
958267
958590
958629
958684
958855
958904
958941
958967
958979
958991
959238
959288
959332
959399
959550
959642
959667
959708
959751
959851
959905
960050
960060
960093
960168
960430
960484
960612
960849
960877
960909
960996
961481
961537
961650
961661
961826
961977
962300
962340
962368
962577
962664
962919
962950
963013
963026
963060
963268
963390
963410
963433
963489
963566
963603
963612
963667
963822
963870
963880
964165
964299
964468
964613
964669
964737
964803
964835
964851
964955
964989
965082
965401
965411
965422
965571
965688
965925
966369
966419
966590
966651
966856
967233
967285
967634
967859
967889
967897
967993
968381
968590
968672
968732
968753
968837
968853
969062
969242
969596
969669
969815
969872
970003
970040
970166
970179
970224
970608
970622
970696
970788
970817
970900
970939
971075
971198
971245
971320
971449
971455
971542
971578
971593
971606
971888
971963
971975
972034
972053
972163
972170
972205
972230
972289
972372
972575
972586
972667
972679
972782
972795
972924
973000
973014
973062
973149
973239
973303
973494
973690
973893
974111
974125
974322
974324
974365
974412
974499
974644
974655
974782
974787
974860
974894
975179
975253
975427
975516
975562
975723
975851
975883
975945
975957
975962
976163
976182
976190
976252
976327
976336
976472
976500
976567
976657
976688
977004
977022
977083
977090
977160
977226
977239
977241
977303
977638
977690
977715
977717
977771
977786
977923
977951
978022
978082
978140
978172
978262
978376
978396
978474
978505
978553
978612
978686
978707
978741
979141
979203
979457
979458
979538
979743
979747
979796
979935
980004
980066
980235
980301
980483
980643
980801
980869
980956
981007
981102
981294
981308
981330
981369
981389
981631
981663
981743
981806
981986
982123
982208
982459
982502
982562
982582
982667
982680
982712
982842
982861
982873
982891
982934
982950
983205
983256
983324
983523
983530
983558
983784
983806
983984
983988
984045
984086
984150
984337
984409
984513
984561
984660
984828
984920
984949
985024
985032
985046
985100
985129
985222
985225
985260
985311
985364
985462
985510
985604
985605
985644
985659
985691
985710
985762
985774
986139
986220
986305
986557
986600
986643
986698
986728
986803
986944
987043
987046
987147
987211
987239
987313
987317
987456
987554
987689
987707
987765
987854
987867
987961
988063
988156
988577
988672
988861
988972
989156
989168
989301
989333
989408
989411
989421
989471
989807
989866
989882
989962
989981
990119
990357
990366
990409
990556
990745
990773
990794
990867
991005
991296
991316
991340
991466
991651
991680
991804
991817
991858
992013
992187
992204
992237
992255
992257
992304
992404
992456
992524
992723
993068
993101
993279
993296
993755
993759
993818
993953
994004
994138
994267
994271
994388
994410
994431
994568
994728
994798
994816
994958
994988
995030
995082
995086
995127
995258
995354
995357
995369
995598
995708
995745
995750
995786
995947
996005
996119
996194
996209
996211
996360
996392
996658
996665
996694
996753
996815
997033
997155
997195
997419
997640
997688
997784
997900
997922
997926
997941
998050
998093
998159
998212
998289
998372
998490
998573
998586
998667
998845
998847
998948
999058
999124
999203
999245
999344
999395
999478
999693
999743
999802
999917
999949
999953