100509
101486
102274
102678
102835
105656
105737
105870
106470
107721
108176
108210
112068
113985
114082
114174
114310
115830
115898
116944
117978
118623
118888
120431
122814
124537
124913
125358
126088
128619
128935
130733
131931
132942
134363
134837
135742
135799
136578
137504
137653
139038
140791
141881
142370
143148
144047
145228
145273
145651
145787
146206
148335
148977
149824
150927
151412
151624
151720
153183
154108
155354
156930
157262
158399
158681
159668
159699
159727
160085
160958
161495
161987
162439
162479
163528
163804
164404
164889
166200
168926
171347
172561
173192
173203
173379
173991
174790
175022
177704
179901
180035
180628
180887
183347
183622
184443
184820
184955
184987
185167
185826
185969
187995
188028
188345
188485
189485
189727
191110
191418
191602
191616
192069
192681
192841
193104
193174
193233
193333
193900
194264
195318
195692
196352
196908
198628
199182
199800
200529
201873
202432
204277
205250
207620
211246
212177
212799
213179
214696
217196
218493
218788
220348
220691
221249
222384
222469
224273
224306
226126
226131
227344
229482
229895
230125
230774
230943
231076
232321
232474
233148
234077
235357
236297
236685
236785
237842
239146
239278
239502
240363
240684
241318
241418
241510
242103
242292
243643
243886
244573
244917
245134
246386
246749
247593
248060
248447
248506
249432
250726
250895
252273
254203
255547
255596
255805
256125
256344
257214
257994
260545
260575
262797
264164
266903
267067
267523
268160
269214
270668
273912
274416
274979
276712
277565
277674
280666
280994
281028
281386
284236
284351
285347
285633
286387
287709
288100
288949
289883
289901
290804
295319
297017
297398
297622
298138
298219
299888
299988
300089
301240
302273
305800
307125
307685
309670
312467
313735
314380
315013
315235
315930
316484
317818
318497
320868
321453
323539
324475
326484
326654
326934
328401
329117
331188
331238
331923
332068
332335
332563
336509
336567
336660
338180
339310
340561
343820
344558
345525
346563
347413
349215
349567
350788
352335
355374
355875
356925
357086
357480
358890
358906
360388
362198
363877
365832
366275
366532
366631
367712
367921
368012
373140
374009
375033
376059
376811
379661
380038
380058
381669
382924
383236
383338
383436
383631
383665
383957
385725
386413
387087
387494
387874
388807
389356
389366
390471
393106
394253
394848
396913
397628
397694
398025
398073
398240
398989
401173
402272
402457
402845
404066
404375
405177
407277
407679
408439
408791
409155
409253
411597
414766
415132
415408
415630
416076
416302
417826
417836
418005
419213
419504
421548
421787
422554
422638
424958
425791
426725
429142
429329
429507
430175
430182
430350
431140
431397
431800
432418
432576
435086
435821
435913
436247
438610
438810
439985
440202
440224
440664
441185
441962
442365
442486
442706
444503
446424
446491
446863
447413
448842
448961
451177
452929
453555
454331
454344
456147
458178
458848
459918
460059
461306
461604
463230
463374
463607
464480
465683
468105
468482
470064
470473
470495
470742
473131
473227
474650
474768
475153
476100
479010
479684
479847
480012
480343
481134
481270
484699
487491
487727
489538
489913
490684
495307
495587
495821
495998
496692
499096
499183
499684
499927
501849
501999
502394
503176
504835
504946
504964
506796
507728
508937
509886
510482
510496
511353
512586
512672
513553
513991
514125
515138
518979
519317
522009
523722
525502
526447
526768
527113
527610
528004
529214
529993
532257
533370
533543
536082
538257
539424
540775
541895
544135
545257
545982
546147
547298
547422
549538
549828
550883
552849
553680
554492
555491
558443
558730
559921
561513
562272
563348
563759
564862
566116
568288
568581
568821
571378
572619
572927
574259
576013
577072
577130
577955
578408
579027
580143
581816
582681
583240
584768
585853
586507
586522
589052
589114
589273
589544
590121
590981
593504
594030
594640
595513
595544
596078
599127
599170
599997
600139
602152
602460
602649
602876
602878
604346
604648
604938
605599
606940
607563
608435
608662
608732
609278
609806
611964
613695
614971
616024
616098
616420
616544
617350
619181
619557
620640
621161
621665
622061
623328
626507
626663
627965
628234
628881
629404
630024
630167
630377
630460
632385
632824
637265
637396
638591
638799
638908
639475
639731
640246
640663
642137
642187
642393
642982
643352
643725
643865
644239
645963
646663
646754
647491
649077
649101
650362
650366
653531
654109
654399
654499
655874
655994
656110
657147
657294
659644
659850
660100
660838
661015
661106
661673
662500
663657
665070
665655
666287
666525
666857
666995
668432
670154
670177
670908
671794
671992
672385
672726
672799
672844
673123
673935
673985
674152
675454
677290
677780
677895
677984
679386
680116
680251
680814
681011
685858
686540
687059
688615
689405
689478
689818
690545
695119
699245
699269
699460
699936
699969
700111
701949
704676
704974
706831
707687
707877
708251
708691
708756
709203
709295
710093
711042
713728
715341
715347
718516
718802
719483
719800
721729
722689
723156
723400
725475
726134
728134
730019
730624
732792
733412
736391
736990
737224
737868
739744
740966
741005
741970
741994
742320
742349
742985
743433
744843
744871
746030
749392
749393
752023
753209
753516
755365
755728
756249
757139
758081
758504
759214
759429
763063
763115
764013
764430
764876
764962
765361
767250
767446
767623
769108
770594
770719
770897
771106
773172
773306
773725
773800
774661
775474
775646
776850
777313
778456
781245
782097
782430
783710
784401
784602
785212
786012
788232
788370
788392
788505
790096
790657
791555
792123
794478
796237
796821
797106
799681
801250
801466
801696
803894
804034
805211
805290
805513
806256
807617
808963
809335
809367
810231
814583
815182
821675
823141
825200
826091
826538
826768
826977
828442
829255
829321
829827
830527
830846
830968
830987
831639
832088
833168
833532
833591
834713
834859
836061
837549
837555
837856
841844
846238
848192
849697
850839
851693
852698
854130
854270
854595
856521
856798
858348
858749
858888
859086
861209
861334
861344
861660
863243
863379
863738
864920
864976
866781
867650
867758
869456
871468
871680
871851
871859
874951
875398
876041
876597
876763
879098
879112
879856
881735
882464
882893
885156
885550
886064
886156
887187
887348
887783
888038
888075
888431
888903
891630
893071
893697
893699
895660
896042
896922
898125
899553
900627
900827
900871
901286
902421
903256
908049
909144
909646
912191
913059
914661
915567
918385
919110
919713
919861
920507
920877
921442
922809
923054
924548
925396
925640
926357
927147
927242
929226
931141
931549
932439
934957
936223
936489
936561
937925
940823
942488
943440
943904
943947
944685
945539
945743
947653
949867
952261
952556
953231
953310
954410
954952
955283
955942
957024
957536
957994
959877
960678
961753
961823
962313
962386
963437
964220
968166
969424
972602
972869
973677
974015
974290
974437
974684
976151
976564
979469
980134
980464
980800
981809
982293
982456
983323
983646
983958
984338
986127
988233
988531
988868
989557
990013
990191
990321
990599
991970
992118
992447
993302
994010
999331
999822