127956
131042
132683
139685
159079
159220
161033
162374
166563
195980
203253
214336
228360
242377
256205
257835
261042
271183
271490
286518
286607
290389
291304
294433
297688
319027
350425
352032
359415
361439
366907
378885
382339
410281
415107
454715
487336
494835
502118
526822
531955
534707
545925
552294
553000
553116
553760
558541
559150
560266
566740
571109
571592
589863
592699
595069
596359
604364
616182
623959
652611
670112
686513
691993
705163
743809
756399
761576
766972
779508
781368
788977
790061
807951
814327
820308
824304
830680
831549
838750
850989
878175
884730
889408
889591
902247
904145
904237
904522
905742
937726
939050
949707
950925
957037
962868
965456
979995
987590
997828